*--------------------
             RFA =  
*--------- MJ/m2 d-------
 6.9767794
 9.0493104
14.0094059
 6.0688347
 8.0711997
 5.6407171
11.9393887
 8.4105039
14.1238786
 9.5795221
12.6365965
 5.4380866
10.5009952
 7.2637403
 8.9773358
10.6778595
10.3895926
11.0439565
 8.0645304
13.9170191
 9.3094237
 8.9276151
 8.3280559
11.3274206
11.0364335
11.9067697
13.3159239
10.1739882
13.2281994
 5.0765916
 8.0007472
10.2833220
10.6252031
 9.4374608
 8.4830492
 6.0851981
 5.9759621
 8.9313394
 8.0673854
 7.1625766
 8.6881975
10.6328537
 8.9977837
 7.9760218
 9.6959492
 7.7096257
 5.9464245
 8.5125814
14.3265186
 7.9953810
13.7042421
 5.2944654
11.5516011
 9.1537198
11.1693148
 7.4245208
 9.9853627
 8.5856177
10.4371259
 9.4998783
 6.1509070
12.1854341
 8.9885779
 7.3683286
 8.0192486
12.4326237
 9.6024489
10.7945776
 7.6205568
 8.5991027
12.2657129
13.0876157
 5.3380459
10.7955974
 9.2352651
11.7247869
 9.7760785
 9.4459800
 5.6945433
 9.8228840
 6.8305711
12.5448172
 8.6372825
 9.1381372
13.5769085
 8.7399583
 7.0118974
11.2622560
 7.3338545
12.3017362
10.9054318
 7.1554893
 7.8335521
12.8338390
 9.5840611
 8.5235679
 6.2230706
 6.3223067
10.3781820
13.1227276
